town,ticket_1,ticket_2,distance,rank
雲林縣斗六市,27064,30486,0.2161,1
雲林縣麥寮鄉,8194,9204,0.2486,2
桃園縣蘆竹鄉,35019,39773,0.2766,3
新北市八里區,9147,10260,0.3689,4
彰化縣田中鎮,11132,12416,0.4801,5
彰化縣和美鎮,23339,26618,0.5029,6
桃園縣大溪鎮,23630,26306,0.539,7
臺中市太平區,45008,51045,0.5455,8
彰化縣大村鄉,9591,10646,0.6515,9
臺中市龍井區,18392,21138,0.6592,10
臺南市楠西區,2682,3086,0.6981,11
臺中市梧棲區,14138,15648,0.7577,12
苗栗縣通霄鎮,10026,11058,0.8728,13
新北市泰山區,20410,22501,0.8801,14
臺北市士林區,82052,90454,0.9841,15
臺中市大甲區,20133,22098,1.0209,16
新北市土城區,61496,71744,1.0779,17
新北市板橋區,155253,169703,1.1611,18
宜蘭縣宜蘭市,24498,26570,1.4367,19
南投縣鹿谷鄉,4845,5718,1.4594,20
新北市萬里區,5712,6742,1.4638,21
臺北市萬華區,53436,63091,1.4848,22
臺南市東區,50892,55097,1.4988,23
新北市三峽區,25257,29844,1.5137,24
臺中市潭子區,27071,29340,1.6093,25
高雄市甲仙區,1761,1908,1.6753,26
彰化縣溪湖鎮,13338,15846,1.6906,27
臺中市南區,29525,35089,1.7298,28
新竹市香山區,19614,20995,1.9077,29
臺中市石岡區,4201,5020,1.9181,30
雲林縣臺西鄉,5958,6368,1.9399,31
臺中市大肚區,14193,16985,1.9535,32
臺中市大里區,52525,56323,2.0265,33
南投縣魚池鄉,4330,4614,2.04,34
彰化縣北斗鎮,8700,9252,2.1076,35
新北市樹林區,48257,51328,2.1123,36
臺中市大安區,5575,5953,2.1219,37
臺中市烏日區,18793,19969,2.2084,38
臺中市后里區,14651,15548,2.2595,39
新北市雙溪區,2709,2872,2.2773,40
南投縣集集鎮,2945,3552,2.2961,41
臺中市西區,29425,35773,2.4854,42
澎湖縣白沙鄉,1840,1994,2.4943,43
臺中市中區,5239,5514,2.5076,44
臺中市霧峰區,17939,18985,2.5114,45
彰化縣員林鎮,30309,36982,2.5956,46
澎湖縣馬公市,12371,14786,2.6342,47
新北市金山區,6087,6385,2.6348,48
彰化縣永靖鄉,10415,10917,2.6355,49
臺北市北投區,66986,81708,2.6455,50
新北市鶯歌區,23297,24386,2.656,51
臺中市東勢區,13635,16663,2.6927,52
臺中市沙鹿區,20296,24885,2.7627,53
彰化縣彰化市,58808,72275,2.8502,54
臺中市大雅區,21810,26805,2.8552,55
彰化縣大城鄉,4057,5000,2.9755,56
屏東縣屏東市,58083,60201,3.0618,57
彰化縣伸港鄉,8687,10806,3.2567,58
彰化縣田尾鄉,7551,7753,3.3179,59
苗栗縣卓蘭鎮,5184,5325,3.3239,60
南投縣中寮鄉,4418,4498,3.6072,61
高雄市左營區,47560,59710,3.6143,62
雲林縣虎尾鎮,18522,18784,3.7421,63
嘉義縣大埔鄉,948,961,3.7653,64
嘉義市東區,33803,33958,4.0595,65
南投縣水里鄉,4600,5872,4.1199,66
彰化縣花壇鄉,11236,14364,4.1799,67
臺北市中山區,58439,74867,4.2569,68
臺中市東區,21672,21650,4.2813,69
彰化縣秀水鄉,10897,10878,4.2852,70
新北市新莊區,113885,113146,4.4412,71
新北市五股區,22314,22154,4.469,72
南投縣草屯鎮,24009,31018,4.5308,73
彰化縣二林鎮,12075,15603,4.5471,74
桃園縣大園鄉,21905,21679,4.575,75
高雄市鼓山區,38714,38288,4.6391,76
臺中市清水區,23870,23508,4.7529,77
南投縣竹山鎮,15801,15548,4.8325,78
臺中市南屯區,35777,46962,5.0671,79
桃園縣龜山鄉,32298,42689,5.2892,80
臺中市豐原區,47675,46174,5.3202,81
新北市石門區,2952,3896,5.3248,82
臺中市新社區,7487,7224,5.4523,83
新北市林口區,19638,26061,5.4535,84
新竹市北區,34624,45997,5.4558,85
臺中市外埔區,7583,10084,5.5027,86
宜蘭縣頭城鎮,6928,9249,5.627,87
新北市瑞芳區,10241,13697,5.6876,88
臺中市北屯區,58981,79093,5.7767,89
彰化縣埔鹽鄉,8032,10771,5.8179,90
新北市深坑區,5799,7847,6.0776,91
高雄市楠梓區,50536,47855,6.123,92
基隆市仁愛區,11291,15308,6.1523,93
臺南市南化區,2515,2382,6.183,94
高雄市苓雅區,56730,53341,6.3748,95
臺南市玉井區,4348,4074,6.456,96
彰化縣社頭鄉,12814,11926,6.6893,97
臺中市北區,34635,47889,6.8021,98
新北市淡水區,35103,48506,6.8025,99
桃園縣桃園市,91421,126560,6.8426,100
桃園縣新屋鄉,14258,13175,6.9372,101
彰化縣埔心鄉,10141,9366,6.9511,102
高雄市鳳山區,103396,95531,6.9515,103
苗栗縣後龍鎮,8766,12159,6.9758,104
臺南市北區,39911,36636,7.1643,105
澎湖縣西嶼鄉,1908,1768,7.1681,106
彰化縣二水鄉,4966,4558,7.1892,107
新北市三芝區,5337,7468,7.3293,108
高雄市岡山區,29593,26952,7.4277,109
彰化縣鹿港鎮,25150,22863,7.5035,110
高雄市前金區,9254,8412,7.5111,111
高雄市美濃區,13084,11808,7.743,112
南投縣南投市,23513,33451,7.759,113
臺中市西屯區,46854,66724,7.7654,114
彰化縣埤頭鄉,8612,7764,7.827,115
新竹縣峨眉鄉,1493,2135,7.9109,116
南投縣國姓鄉,4457,6374,7.935,117
臺南市安平區,17802,15973,7.948,118
高雄市新興區,17424,15576,8.0911,119
宜蘭縣羅東鎮,20341,18093,8.2589,120
新北市三重區,122765,109114,8.2661,121
新北市汐止區,45214,65463,8.345,122
南投縣埔里鎮,17962,26002,8.3581,123
彰化縣福興鄉,14401,12705,8.5224,124
屏東縣琉球鄉,2027,2938,8.6398,125
基隆市中山區,11286,16522,8.7027,126
臺北市南港區,28118,41141,8.7267,127
基隆市七堵區,12246,17978,8.7629,128
新北市蘆洲區,58275,50934,8.8566,129
苗栗縣苑裡鎮,14156,12296,9.0674,130
彰化縣芬園鄉,7607,6591,9.1339,131
臺北市大同區,40907,35220,9.375,132
新北市平溪區,1734,1492,9.3763,133
屏東縣恆春鎮,7920,6796,9.5325,134
彰化縣線西鄉,3625,5519,9.9665,135
雲林縣林內鄉,5882,4955,10.1222,136
雲林縣斗南鎮,14049,11805,10.1985,137
彰化縣芳苑鄉,9838,8207,10.4535,138
嘉義市西區,42908,35577,10.6496,139
臺南市永康區,67165,55610,10.6915,140
臺南市新營區,23288,19089,11.038,141
高雄市杉林區,3668,3002,11.1154,142
苗栗縣竹南鎮,17094,26992,11.1722,143
臺中市神岡區,20026,16340,11.1935,144
宜蘭縣礁溪鄉,11168,9104,11.2693,145
高雄市三民區,113891,92734,11.3089,146
桃園縣八德市,37742,59873,11.3261,147
南投縣名間鄉,12714,10269,11.5483,148
屏東縣鹽埔鄉,8256,6681,11.5634,149
高雄市彌陀區,6869,5514,11.732,150
宜蘭縣蘇澳鎮,12829,10297,11.7452,151
桃園縣平鎮市,43252,70070,11.9987,152
澎湖縣湖西鄉,3554,2831,12.0188,153
高雄市鳥松區,14716,11688,12.1524,154
臺南市中西區,25729,20402,12.1788,155
臺東縣鹿野鄉,1533,2492,12.209,156
新竹縣新埔鎮,7922,12909,12.2263,157
基隆市安樂區,17043,27881,12.2488,158
臺北市內湖區,60949,99397,12.2904,159
桃園縣觀音鄉,18256,14409,12.3064,160
臺北市松山區,46270,76097,12.5752,161
高雄市前鎮區,66062,51722,12.6644,162
雲林縣東勢鄉,4661,3626,12.8373,163
基隆市中正區,11034,18395,12.8522,164
臺北市中正區,34295,56982,12.8837,165
屏東縣潮州鎮,17218,13378,12.937,166
桃園縣楊梅市,30080,50186,12.9575,167
新北市中和區,94471,158093,13.0756,168
臺東縣卑南鄉,3329,5589,13.188,169
臺北市信義區,50792,85314,13.2451,170
高雄市內門區,5288,4058,13.2976,171
高雄市路竹區,17453,13365,13.3593,172
屏東縣滿州鄉,2225,1701,13.4559,173
嘉義縣水上鄉,17203,13101,13.55,174
臺南市新化區,14281,10787,13.8175,175
雲林縣褒忠鄉,4219,3187,13.8541,176
高雄市永安區,4737,3565,13.9542,177
嘉義縣布袋鎮,9849,7408,14.0281,178
臺東縣池上鄉,1479,2572,14.3475,179
桃園縣中壢市,74200,130665,14.6892,180
新竹市東區,38394,67736,14.7339,181
嘉義縣大林鎮,10814,7917,14.9296,182
高雄市小港區,50395,36781,15.0462,183
新北市烏來區,1108,1987,15.2106,184
臺南市仁德區,24659,17878,15.2131,185
高雄市鹽埕區,9569,6941,15.2616,186
新竹縣關西鎮,6396,11566,15.4607,187
嘉義縣中埔鄉,14972,10727,15.6003,188
嘉義縣民雄鄉,23395,16769,15.6111,189
彰化縣竹塘鄉,4885,3504,15.6215,190
桃園縣龍潭鄉,22057,40027,15.6494,191
臺南市南區,44122,31541,15.7121,192
新北市石碇區,2680,1910,15.7416,193
高雄市六龜區,4475,3164,16.054,194
新竹縣竹北市,26837,49423,16.0844,195
嘉義縣番路鄉,3875,2730,16.1364,196
基隆市暖暖區,7027,13040,16.1513,197
屏東縣長治鄉,10478,7399,16.2066,198
高雄市旗山區,13569,9532,16.2829,199
嘉義縣梅山鄉,6924,4858,16.2999,200
高雄市燕巢區,10870,7611,16.3962,201
臺北市大安區,62918,116778,16.4275,202
高雄市大寮區,36974,25819,16.4898,203
宜蘭縣壯圍鄉,8228,5752,16.5023,204
彰化縣溪州鄉,9863,6838,16.7214,205
屏東縣新埤鄉,3632,2511,16.7879,206
臺東縣臺東市,18455,34748,16.7956,207
雲林縣四湖鄉,7318,5043,17.0038,208
澎湖縣望安鄉,743,511,17.0131,209
嘉義縣東石鄉,9247,6287,17.3463,210
雲林縣土庫鎮,9627,6523,17.4676,211
嘉義縣太保市,11955,8087,17.5235,212
嘉義縣義竹鄉,7762,5264,17.5966,213
新竹縣新豐鄉,9604,18683,17.7932,214
屏東縣枋寮鄉,8768,5896,17.8822,215
新竹縣寶山鄉,2753,5428,18.0868,216
高雄市湖內區,10340,6870,18.0951,217
基隆市信義區,9635,19170,18.3262,218
宜蘭縣員山鄉,10835,7122,18.5308,219
雲林縣崙背鄉,8414,5519,18.576,220
嘉義縣竹崎鄉,12780,8346,18.6607,221
雲林縣古坑鄉,10984,7147,18.8115,222
雲林縣大埤鄉,6892,4433,19.1555,223
臺東縣太麻里鄉,1904,3885,19.3622,224
屏東縣內埔鄉,19736,12652,19.3959,225
臺南市龍崎區,1702,1079,19.6017,226
高雄市仁武區,26354,16714,19.645,227
高雄市茄萣區,10961,6942,19.6576,228
宜蘭縣五結鄉,13568,8613,19.6748,229
新北市永和區,44601,92803,19.8504,230
新北市坪林區,2400,1512,19.9231,231
屏東縣萬丹鄉,19045,12031,19.9466,232
嘉義縣朴子市,14676,9131,20.2984,233
新北市新店區,56603,120865,20.648,234
新北市貢寮區,4806,2960,20.6561,235
宜蘭縣冬山鄉,18495,11320,20.8357,236
高雄市大社區,12410,7575,20.867,237
新竹縣北埔鄉,1833,3969,20.8832,238
臺南市歸仁區,23581,14323,21.0829,239
苗栗縣公館鄉,6049,13188,21.1034,240
臺北市文山區,49403,107668,21.3126,241
宜蘭縣三星鄉,7483,4484,21.5061,242
花蓮縣壽豐鄉,2952,6538,21.6267,243
臺南市安南區,62894,37401,21.7616,244
屏東縣東港鎮,16765,10015,21.8022,245
臺南市關廟區,13714,8124,21.8734,246
新竹縣芎林鄉,3737,8382,21.9528,247
屏東縣南州鄉,4301,2546,22.0892,248
高雄市阿蓮區,10942,6416,22.23,249
屏東縣麟洛鄉,4520,2657,22.2389,250
南投縣信義鄉,2478,5589,22.3165,251
雲林縣北港鎮,14323,8356,22.3684,252
屏東縣竹田鄉,7064,4145,22.3701,253
臺南市左鎮區,1968,1146,22.4406,254
嘉義縣鹿草鄉,6491,3769,22.6079,255
雲林縣元長鄉,9320,5401,22.6537,256
臺東縣關山鎮,1331,3046,22.7123,257
高雄市梓官區,14308,8208,22.8981,258
屏東縣林邊鄉,7514,4340,22.9505,259
高雄市林園區,24478,14045,22.955,260
高雄市大樹區,16733,9581,23.0346,261
雲林縣西螺鎮,16216,9289,23.0469,262
新竹縣湖口鄉,12402,28891,23.0768,263
澎湖縣七美鄉,301,689,23.1485,264
苗栗縣大湖鄉,2571,6000,23.1588,265
臺南市山上區,2893,1652,23.1804,266
臺南市善化區,15975,9007,23.5122,267
臺中市和平區,1627,3905,23.6868,268
雲林縣莿桐鄉,10925,6082,23.8844,269
高雄市橋頭區,14851,8264,23.9059,270
屏東縣車城鄉,3115,1739,23.9096,271
苗栗縣三義鄉,2985,7139,23.9297,272
臺南市新市區,12811,7086,24.1214,273
苗栗縣造橋鄉,2315,5616,24.3066,274
臺南市佳里區,21721,11921,24.3448,275
屏東縣崁頂鄉,5544,3049,24.5041,276
花蓮縣吉安鄉,11812,29230,24.6822,277
高雄市旗津區,10854,5903,24.727,278
花蓮縣富里鄉,1410,3513,24.7496,279
臺南市東山區,7739,4154,24.9538,280
花蓮縣鳳林鎮,1728,4319,24.9979,281
屏東縣佳冬鄉,7887,4238,25.2281,282
花蓮縣花蓮市,15264,38513,25.2299,283
屏東縣枋山鄉,2135,1139,25.4326,284
花蓮縣瑞穗鄉,1616,4103,25.5339,285
苗栗縣三灣鄉,1232,3116,25.5761,286
屏東縣萬巒鄉,8222,4304,26.043,287
臺南市安定區,11678,6054,26.2407,288
苗栗縣獅潭鄉,803,2088,26.3186,289
新竹縣橫山鄉,2288,6064,26.4778,290
雲林縣口湖鄉,9673,4946,26.5184,291
花蓮縣玉里鎮,3142,8351,26.6391,292
屏東縣里港鄉,9882,5043,26.7448,293
苗栗縣頭屋鄉,1908,5060,26.8772,294
臺南市下營區,9866,4999,26.9719,295
苗栗縣銅鑼鄉,2972,7955,27.0423,296
臺南市柳營區,8593,4283,27.2813,297
臺東縣東河鄉,1086,2974,27.5089,298
臺南市六甲區,8786,4335,27.6606,299
苗栗縣西湖鄉,1211,3334,27.8121,300
苗栗縣頭份鎮,14321,39774,28.0052,301
臺南市北門區,4592,2244,28.0552,302
臺南市白河區,11493,5565,28.2413,303
苗栗縣苗栗市,13557,37971,28.2993,304
臺東縣大武鄉,713,2029,28.6959,305
新竹縣竹東鎮,13356,38332,28.7712,306
臺南市大內區,4304,2042,28.8178,307
臺東縣長濱鄉,835,2393,28.9915,308
花蓮縣新城鄉,2557,7453,28.995,309
屏東縣新園鄉,14941,7085,29.1121,310
臺南市鹽水區,10248,4810,29.1811,311
高雄市田寮區,3553,1665,29.2231,312
嘉義縣六腳鄉,10265,4770,29.3808,313
苗栗縣南庄鄉,1510,4465,29.4201,314
臺南市後壁區,10280,4787,29.4854,315
屏東縣九如鄉,9037,4141,29.9909,316
臺東縣蘭嶼鄉,293,911,30.0843,317
嘉義縣阿里山鄉,747,2231,30.095,318
臺南市西港區,10106,4496,30.8506,319
嘉義縣新港鄉,13071,5823,30.8975,320
桃園縣復興鄉,1190,3739,30.9351,321
臺南市學甲區,10931,4743,31.6013,322
雲林縣二崙鄉,11099,4744,31.9765,323
屏東縣高樹鄉,10627,4543,32.08,324
嘉義縣溪口鄉,6489,2767,32.336,325
臺東縣成功鎮,1555,5106,32.3443,326
花蓮縣光復鄉,1540,5075,32.4019,327
臺南市七股區,9892,4077,32.9766,328
臺南市官田區,9166,3760,33.0814,329
臺南市將軍區,8779,3472,34.2355,330
高雄市那瑪夏區,311,1073,34.3238,331
雲林縣水林鄉,10801,3993,35.9146,332
臺南市麻豆區,20126,7159,37.2332,333
新竹縣五峰鄉,417,1825,37.9358,334
新竹縣尖石鄉,703,3190,38.8171,335
高雄市桃源區,341,1552,39.4788,336
宜蘭縣大同鄉,514,2443,40.0176,337
臺東縣綠島鄉,223,1099,40.7286,338
苗栗縣泰安鄉,504,2664,42.2291,339
屏東縣霧臺鄉,286,1457,42.33,340
花蓮縣豐濱鄉,325,1718,42.4647,341
花蓮縣秀林鄉,963,5484,42.9385,342
屏東縣牡丹鄉,329,1934,44.1488,343
南投縣仁愛鄉,1005,6198,44.7299,344
高雄市茂林區,134,776,44.8806,345
屏東縣瑪家鄉,506,3155,45.4392,346
臺東縣延平鄉,209,1303,45.8919,347
屏東縣三地門鄉,547,3477,46.1662,348
花蓮縣萬榮鄉,317,2297,47.3625,349
屏東縣獅子鄉,296,2106,47.5319,350
臺東縣達仁鄉,209,1524,48.1925,351
屏東縣泰武鄉,310,2442,49.3172,352
連江縣東引鄉,52,524,49.8288,353
宜蘭縣南澳鄉,269,2449,50.111,354
連江縣南竿鄉,273,2691,50.8431,355
金門縣金寧鄉,732,6589,51.0638,356
金門縣金湖鎮,806,7740,51.4078,357
臺東縣海端鄉,155,1527,51.9872,358
花蓮縣卓溪鄉,219,2221,52.086,359
金門縣金城鎮,1118,11611,52.5739,360
連江縣莒光鄉,30,459,52.8133,361
屏東縣春日鄉,208,2188,52.9751,362
連江縣北竿鄉,63,833,53.8659,363
金門縣烏坵鄉,9,94,54.2415,364
屏東縣來義鄉,298,3644,54.5089,365
臺東縣金峰鄉,108,1625,56.01,366
金門縣金沙鎮,353,5619,56.6267,367
金門縣烈嶼鄉,175,3023,57.4297,368
